0.5	5.76997
0.65	3.49152
0.7	3.02672
0.75	2.6489
0.8	7.01295
0.85	4.15639
0.9	5.57895
0.95	3.34769
1	3.02912
1.05	4.13091
1.1	3.77194
1.15	4.6104
1.2	2.12089
1.25	4.89457
1.3	4.53218
1.35	0.841719
1.4	2.35108
1.45	2.92587
1.5	3.42146
1.55	0.641538
1.6	2.41068
1.65	3.40337
1.7	1.60447
1.75	2.5256
1.8	2.86694
1.85	2.71608
1.9	3.86524
1.95	4.08002
2	3.10483
2.05	2.95701
2.1	5.28656
2.15	2.35494
2.2	3.53618
2.25	2.76747
2.3	2.06089
2.35	2.53933
2.4	1.6238
2.45	2.8579
2.5	2.99547
2.55	2.1602
2.6	3.69546
2.65	4.67067
2.7	2.35759
2.75	3.51343
2.8	2.99132
2.85	3.27327
2.9	4.27844
2.95	2.15783
3	1.91316
3.05	2.52471
3.1	2.11863
3.15	2.9997
3.2	3.82553
3.25	2.96769
3.3	3.45494
3.35	3.49305
3.4	3.12046
3.45	3.29491
3.5	3.33018
3.55	3.11316
3.6	3.02787
3.65	2.94604
3.7	2.75279
3.75	3.46212
3.8	3.15463
3.85	2.96776
3.9	2.89263
3.95	2.82032
4	2.45597
4.05	3.3545
4.1	3.74134
4.15	3.01312
4.2	2.94222
4.25	3.83174
4.3	3.31824
4.35	2.66078
4.4	2.51971
4.45	3.81479
4.5	2.64276
4.55	2.43323
4.6	2.45531
4.65	2.98563
4.7	3.13664
4.75	3.69952
4.8	2.32434
4.85	2.67872
4.9	2.95268
4.95	2.82933
5	3.97086
5.05	3.9548
5.1	2.84791
5.15	2.43658
5.2	3.03143
5.25	2.91704
5.3	3.81669
5.35	2.58915
5.4	3.29873
5.45	3.45114
5.5	2.97185
5.55	3.27723
5.6	3.52103
5.65	3.0145
5.7	3.15631
5.75	2.95873
5.8	4.0808
5.85	4.01163
5.9	3.85354
5.95	2.94229
6	3.50747
6.05	3.06185
6.1	2.88479
6.15	3.63131
6.2	2.95714
6.25	2.99104
6.3	3.2622
6.35	3.01542
6.4	3.43132
6.45	2.99892
6.5	2.80361
6.55	2.79795
6.6	3.33606
6.65	3.03623
6.7	3.2024
6.75	3.08595
6.8	3.21174
6.85	2.86215
6.9	3.08647
6.95	3.00966
7	3.35397
7.05	3.65648
7.1	2.66482
7.15	2.99879
7.2	3.26232
7.25	3.15749
7.3	3.2925
7.35	3.24801
7.4	2.62704
7.45	3.01927
7.5	3.34466
7.55	3.4116
7.6	2.7374
7.65	2.94502
7.7	3.41375
7.75	2.73811
7.8	2.88518
7.85	3.25928
7.9	3.01555
7.95	3.15303
8	3.23743
8.05	2.85575
8.1	2.57962
8.15	3.00064
8.2	2.75253
8.25	3.62583
8.3	2.54902
8.35	2.13293
8.4	2.84762
8.45	2.76981
8.5	3.044
8.55	2.83545
8.6	2.58873
8.65	2.41093
8.7	2.17431
8.75	2.31496
8.8	1.59398
8.85	1.79834
8.9	1.61841
8.95	1.83752
9	1.50458
9.05	1.21749
9.1	1.12773
9.15	0.907503
9.2	0.57976
9.25	0.536524
9.3	0.475877
9.35	0.488923
9.4	0.322499
9.45	0.372289
9.5	0.421018
9.55	0.312474
9.6	0.292056
9.65	0.187029
9.7	0.168283
9.75	0.333131
9.8	0.0989248
9.85	0.310098
9.9	0.193883
9.95	0.143958
10	0.158362
10.05	0.125435
10.1	0.124199
10.15	0.107609
10.2	0.152227
10.25	0.135674
10.3	0.149293
10.35	0.147857
10.4	0.131798
10.45	0.0580191
10.5	0.114938
10.55	0.0853906
10.6	0.0704906
10.65	0.0558655
10.7	0.0968552
10.75	0.0137083
10.8	0.06791
10.85	0.0134574
10.9	0.0400035
10.95	0.0528531
11	0.0523748
11.05	0.0129757
11.1	0.0257187
11.15	0.0509782
11.2	0.0126313
11.25	0.0625974
11.3	0.0744551
11.35	0.0246007
11.4	0.0243858
11.45	0.0241738
11.55	0.0475157
11.6	0.0588848
11.65	0.0700579
11.7	0.0231539
11.75	0.0344365
11.8	0.0341459
11.85	0.033859
11.9	0.0223837
11.95	0.0221972
12	0.022013
12.05	0.0327466
12.1	0.0324771
12.15	0.0322109
12.2	0.0212986
12.25	0.0105627
12.3	0.0314316
12.35	0.0311782
12.4	0.0103092
12.45	0.0102268
12.5	0.0202906
12.55	0.0100648
12.65	0.0198132
12.7	0.0294866
12.75	0.0195042
12.8	0.0096762
12.85	0.0192024
12.9	0.00952705
12.95	0.00945377
13	0.0187626
13.05	0.00930971
13.1	0.00923892
13.15	0.00916892
13.2	0.00909972
13.25	0.0180626
13.35	0.0266903
13.5	0.00870052
13.55	0.0259096
13.6	0.00857327
13.65	0.00851069
13.7	0.0168976
13.75	0.0167752
13.85	0.00826711
13.9	0.0246235
13.95	0.0244477
14	0.0161824
14.15	0.00792088
14.2	0.0078653
14.25	0.0078103
14.35	0.030808
14.4	0.0152974
14.45	0.00759596
14.5	0.0150875
14.65	0.0147806
14.7	0.0146804
14.75	0.00729062
14.8	0.0217246
14.85	0.0143859
14.9	0.0142896
14.95	0.0141944
15.1	0.0139142
15.15	0.00691134
15.2	0.00686602
15.25	0.00682115
15.3	0.0135534
15.35	0.0134654
15.4	0.00668913
15.45	0.0132919
15.5	0.0132065
15.55	0.0065609
15.65	0.00647746
15.7	0.0128727
15.75	0.0063956
15.8	0.00635525
15.85	0.00631528
15.9	0.00627568
15.95	0.00623646
16	0.0061976
16.05	0.00615911
16.3	0.00597191
16.5	0.00582823
16.6	0.00575833
16.65	0.00572385
16.7	0.00568968
16.8	0.00562224
16.95	0.00552332
17	0.00549093
17.05	0.00545882
17.2	0.00536416
17.25	0.00533315
17.3	0.00530241
17.4	0.00524173
17.5	0.00518208
17.65	0.010189
17.8	0.00500911
17.85	0.00498113
17.95	0.00985172
18.4	0.00937637
18.65	0.00912701
18.75	0.00451502
18.8	0.00449107
19	0.00439714
19.05	0.00437412
19.15	0.00865723
19.25	0.00428382
19.4	0.00421792
19.5	0.00417482
19.8	0.00404943
19.85	0.00805816
19.9	0.00400888
19.95	0.00398884
20	0.00396894
20.05	0.0039492
20.25	0.00387167
20.6	0.00374138
20.65	0.00372331
20.7	0.00370536
20.75	0.00368755
20.85	0.0036523
21.45	0.00345107
21.7	0.0101163
21.9	0.00662172
21.95	0.00329581
22	0.00656173
22.3	0.00319328
22.4	0.00316486
22.55	0.00312295
22.95	0.00301515
23.15	0.00592667
23.2	0.00295059
23.25	0.00587585
24.35	0.00535748
24.4	0.00266779
24.55	0.00263532
24.6	0.00262463
24.65	0.002614
24.7	0.00260344
24.8	0.00258251
24.85	0.00257214
24.95	0.00510316
25.1	0.0025212
25.15	0.0050224
25.25	0.00249137
25.3	0.00248154
25.55	0.00243326
25.65	0.00482869
25.7	0.00240497
25.75	0.00239565
25.8	0.00238638
25.85	0.00237716
26.1	0.00233189
26.25	0.00230534
26.3	0.00229659
26.35	0.00228789
26.5	0.00452417
26.75	0.00222004
26.9	0.00219537
27	0.00217916
27.15	0.00215517
27.2	0.00644177
27.45	0.00210836
27.65	0.002078
27.8	0.00205565
27.95	0.00203367
28.1	0.00201203
28.25	0.00199074
28.35	0.00197673
28.45	0.00196287
28.5	0.001956
28.95	0.00189572
29.05	0.0018827
29.6	0.00181344
29.95	0.00177134
30.25	0.00173641
30.3	0.00173069
30.35	0.00172499
30.55	0.0017025
30.6	0.00169695
30.75	0.00168044
30.9	0.00499254
31.05	0.00164815
31.1	0.00164286
31.2	0.00163236
31.25	0.00325428
31.5	0.00160144
31.8	0.00157139
31.9	0.00156156
31.95	0.00155668
32.1	0.00308435
32.35	0.00151845
32.5	0.00150448
32.65	0.0014907
32.9	0.00146814
32.95	0.00146369
33.5	0.00141606
33.55	0.00141185
34.15	0.00136271
34.55	0.00133136
35.3	0.00127543
35.45	0.00126466
35.55	0.00125756
36.05	0.00122295
36.4	0.00119956
36.75	0.00117683
36.9	0.00116729
37.55	0.00112725
38.1	0.00109497
38.35	0.00108075
38.75	0.00105856
39.25	0.00103178
39.35	0.00102655
39.9	0.00199692
39.95	0.000995963
40.2	0.000983621
40.25	0.000981181
40.4	0.000973913
41.6	0.000918569
41.65	0.000916366
42.1	0.000896892
42.35	0.000886341
43.8	0.00082866
44.15	0.000815581
44.3	0.00081007
44.7	0.000795645
44.85	0.000790335
45.2	0.000778149
45.5	0.000767927
45.95	0.000752968
47.25	0.000712126
47.35	0.000709123
47.45	0.000706139
49.25	0.000655491
49.35	0.000652839
50.75	0.000617334
50.95	0.000612499
51.25	0.000605353
52	0.000588025
52.5	0.000576883
53.15	0.000562866
54.25	0.000540282
55.05	0.0005247
57.05	0.000488572
57.4	0.000482634
58.85	0.000459154
63.35	0.000396264
